0,343986694577254
0,345124292506431
0,346261809545699
0,347399015542881
0,348535619096718
0,349671229163868
0,350805377111219
0,351937553776313
0,353067144070525
0,354193485742109
0,355315821520504
0,356433324283578
0,357545145229988
0,358650386558431
0,359748095268478
0,360837310211786
0,361917083460778
0,362986477463783
0,364044581391651
0,365090485244601
0,366123282951385
0,367142090396221
0,368146035621111
0,369134295712564
0,370106143901368
0,371060894524422
0,371997949348983
0,372916778804727
0,373816870200314
0,37469772843518
0,375558880429329
0,376399909660812
0,377220361496766
0,37801979769736
0,37879790132867
0,379554399046394
0,380289082101376
0,381001801177854
0,381692432581298
0,382360901478999
0,383007117305505
0,383630991838646
0,384232476040788
0,384811553698395
0,385368254768115
0,385902448467945
0,386413985596998
0,386902827045433
0,387368957428601
0,387812347121372
0,388232966500299
0,388630836673651
0,389006178515452
0,389359265234111
0,389690323067447
0,38999938781842
0,390286494462746
0,390551889754923
0,39079596584246
0,391019163249754
0,391222017397215
0,391405166736316
0,391569534949439
0,391715997036673
0,39184519158195
0,391957142511043
0,39205248139935
0,392132078042154
0,39219694304581
0,392248035532887
0,39228609915245
0,39231231595789
0,392327957100325
0,392334125030917
0,392331787117194
0,392321679876722
0,392305010056959
0,392283102447496
0,392257231437841
0,392228810954626
0,392199185067965
0,39216925614229
0,392139676282461
0,392110462418272
0,392081188276488
0,392051383921564
0,392020708138588
0,391989247032682
0,391958519895085
0,391929851663357
0,391904358665775
0,391882863325696
0,391865930985275
0,391854004213531
0,391847230332252
0,391845506795103
0,39184797166641
0,391853366297926
0,391860439006579
0,391868186626255
