-1,07708316830129
-1,27935276822046
-1,46387755361108
-1,62098503270882
-1,74556825423237
-1,84175538345891
-1,91623969032456
-1,975406036298
-2,024132235091
-2,06651527286695
-2,10482274999789
-2,14006570782811
-2,17304881537461
-2,20447574940039
-2,23454495224145
-2,26329757917457
-2,29065762269415
-2,31652986060957
-2,34088660199352
-2,36381914081335
-2,38544677026222
-2,40589187155272
-2,42545449496775
-2,44479737747372
-2,46338054678944
-2,48044976551744
-2,49592752569708
-2,51048369018456
-2,52475720776344
-2,53864663657186
-2,55191378589502
-2,56465900357972
-2,57761155959328
-2,59126919736757
-2,60462298088056
-2,61633327602718
-2,62580067321705
-2,63469708421268
-2,6444768036377
-2,65395757788261
-2,66302027838529
-2,67182640432427
-2,67982288626124
-2,68608970238145
-2,68965240456296
-2,69214349278909
-2,69561688521108
-2,70101691432436
-2,70846705282507
-2,71629849945614
-2,72382530792686
-2,73060060490021
-2,73599151790063
-2,74075877741237
-2,74598209842814
-2,75248102438055
-2,76056624143873
-2,7686283890077
-2,77403513503718
-2,77536984007224
-2,77665779212133
-2,78180334340472
-2,78940888179588
-2,79909020259141
-2,81152715208739
-2,81236937533315
-2,8132115985789
-2,81405382182465
-2,81489604507041
-2,81573826831616
-2,81658049156191
-2,81742271480767
-2,81826493805342
-2,81910716129918
-2,81994938454493
-2,82079160779068
-2,82163383103644
-2,82247605428219
-2,82331827752794
-2,8241605007737
-2,82500272401945
-2,8258449472652
-2,82668717051096
-2,82752939375671
-2,82837161700246
-2,82921384024822
-2,83005606349397
-2,83089828673972
-2,83174050998548
-2,83258273323123
-2,83342495647698
-2,83426717972274
-2,83510940296849
-2,83595162621424
-2,83679384946
-2,83763607270575
-2,8384782959515
-2,82245108621991
-2,80709156418074
-2,79736742076547
