0,772164523760933
0,687667165663942
0,566706762659571
0,486934503705406
0,440715926426253
0,408027914733821
0,38174233045584
0,359999716803189
0,341678838588353
0,326371986608273
0,3129497555733
0,301005117690113
0,290477224606034
0,281728382643471
0,2759525810748
0,271605263511467
0,266504345182479
0,260080806707035
0,253494143618833
0,251054827894707
0,250027100704959
0,246340701187132
0,240076523074551
0,234209431148054
0,231341647964449
0,231243024769413
0,232997473172969
0,229953246251362
0,224884713360473
0,220534877800507
0,212734004730449
0,210649530840577
0,213863925507504
0,216990388045883
0,216160153188633
0,21318020456795
0,207945921892184
0,207227764798101
0,203869039992891
0,199744376079398
0,202232890705575
0,201391281879049
0,200549673052523
0,199708064225996
0,19886645539947
0,198024846572944
0,197183237746417
0,196341628919891
0,195500020093365
0,194658411266838
0,193816802440312
0,192975193613786
0,192133584787259
0,191291975960733
0,190450367134207
0,18960875830768
0,188767149481154
0,187925540654628
0,187083931828101
0,186242323001575
0,185400714175049
0,184559105348522
0,183717496521996
0,18287588769547
